m=1000;
b=50;
u=5000;